N <- 100
K <- 2
J <- 6
yy <- 
structure(c(-2.69769301127374, -0.99036816441902, -0.199081742962074,
1.09916675074712, -3.06163128914267, -1.29562552361397, 1.04300360794648,
-4.14430454498093, -0.582557255744242, 0.415042461849863, -3.02263346686375,
-0.678759313363159, -0.635140287840211, 0.303017796131173, -2.22925050223032,
1.18821914432577, -2.04974631937222, -0.664037548830038, -0.747286653915431,
0.117284543643775, -0.640328404104613, 0.867628606152598, 1.4475205453441,
0.274866400431786, -0.607598738583963, 1.27265681681837, -0.35432138808053,
1.43648427682915, 0.7835475782099, 0.208438529535086, -1.27389307809124,
-0.842406770760456, 1.75692230209862, -0.680171660391814, -1.42213372344592,
-1.16031424792133, 1.49239472476253, -2.04336513543194, -0.0190693309777552,
2.38014682544362, -1.65059451960673, 0.295210017344575, 0.674036287614148,
0.521775638724034, 0.550822648558794, 1.68146870867719, 2.12143201520028,
0.715214277404348, 0.115351465335525, -0.943041602126208, -3.44803927259307,
0.0941978264652614, 0.333454152667591, 1.09777109219094, 2.65159979530498,
0.239783904951041, -2.44226338879223, 0.132433730129606, 1.16612113549589,
-1.64757802969479, 1.19068819606939, -0.09901483161431, 1.23567460017993,
-0.804955518723719, 1.06708724974115, -0.416703677303064, -0.0371008493261393,
1.46161196946242, 0.978574144816657, -2.17161737081039, -0.118591788967338,
1.68477943623509, -2.46104296345543, 0.678379338241293, -3.17420294830067,
-1.74862013311575, 0.826626150178396, 0.377913923339025, 4.00809491299563,
0.732672589304363, 2.34341377875652, 1.10992979775122, -0.625131308740107,
-1.84535271127799, -2.75870249225038, 2.7341740137717, -1.81087051590567,
1.61950743566704, 1.10215334738418, -0.629837379397925, 0.0946095941287344,
0.773740788974763, 0.674204239578544, -0.619095255079248, -1.3918376036361,
0.273517392448429, 0.810839373890369, -0.438456302072476, -3.02290155340226,
-2.09826773932559, -2.88031999681057, -2.53259453600522, 2.71165810410829,
1.22776314560656, -6.4737322059981, -5.8903779667989, 2.94449998086839,
-2.21585476083971, 2.28836181707613, -1.61967913429114, -1.27065257453765,
-1.04568956298465, -1.24293225838818, -1.55034415900658, -6.68717713486638,
-1.18654590810314, -3.85692780428159, 1.66332816215668, -1.07473558518828,
-2.10770178596458, -1.94943570779827, 1.5885735637068, -0.406444340720531,
-0.608179563528975, 0.326468455518765, 3.88754116045147, 0.0572584080399217,
0.524398841006089, 1.22685721288841, 1.26370164137069, -2.25129091431328,
-2.22611347039441, 0.856455740442402, -2.36612215989312, -1.68937560179408,
2.12390042405819, 1.7056499558433, -3.86645215244591, 2.6942196585397,
-1.8962671358959, -1.79727063522549, -0.901469416120114, 3.6832163298325,
1.43132531184319, 1.32803256565417, 2.08877486264809, 2.33858175708732,
0.406159541487963, 0.787072019998309, -0.375761454888478, -2.79778007594462,
-1.22286206074014, 3.52545999117289, -2.83083894793121, 1.45184152031041,
0.0586214567659934, -0.554651944442416, 1.84073903952783, -0.556400288808302,
-3.0722389246294, 3.09874620691746, 0.572560841352054, 1.76044953264169,
-2.08413129397574, 1.03902653419619, -3.88856564202063, -2.26712737719686,
2.64059235988986, 0.828939120217826, -2.47194327873091, -5.42123960031197,
0.903004046407925, -1.25543838795285, -0.653980574000444, -2.15570983448988,
-2.6174227774469, 2.25170935475921, -0.397018992311985, 5.19468242215533,
0.4723064888383, 2.89130621837767, -1.03302620448776, -1.83583114824341,
-0.741329765693731, -4.73407900897462, 3.15736166157754, -1.9779529764171,
1.09594717078094, 3.3941317728972, -0.594757873877751, 2.26079701265704,
-0.67001337170625, 3.79304656046868, -2.40581918180919, -4.17848140177795,
-0.0729460637904918, 0.974881344469049, 1.70026290280137, 3.33110619906356,
2.41705431248555, 2.59659340703824, 4.73715210336471, -1.14699248536292,
3.36061576440711, 8.30784441677025, -1.90649619432694, 1.64384632970317,
2.29418945221648, -4.33965577865332, -1.66013496697297, 6.647845643125,
1.91668358287128, 5.05890085507056, -0.292891392468417, 2.54742700604404,
-0.759180018335444, 1.19069609594942, 3.0285511439163, 1.0034206218127,
6.93953160526364, 3.39479901226796, -9.12476759125083, -2.56524869780344,
0.510417871592799, 7.18075996025989, -6.05972648579178, -3.50455720521741,
2.56537527172984, -2.91118716789701, -0.697406989609571, -0.947537458693886,
-4.93988713433883, -2.36078797724225, -9.09881033550644, 5.21431578413827,
-6.80084279891643, -7.15894193654982, 7.64492577658208, -3.65940435948267,
-8.75310542210684, -3.21506205401421, -0.200234900573794, -4.17781903071618,
3.22580196977771, -4.53773315861748, -2.33076213075821, -4.89842901387913,
-3.95544529670921, 4.25282688104315, 1.41647895863515, 1.5501095300049,
-4.78225738151081, -0.915173038566135, 0.214274896279674, -3.5701376909216,
4.34512600079739, 4.25499051959035, 2.75660675471947, 3.63588134142769,
2.67927481704951, 1.39236656976199, -7.64998609897594, 2.42248610744603,
2.41931024883302, -3.27224354258922, -0.448405365016605, -4.38605871415494,
0.275983793399819, -1.74368254544186, 2.82641074398676, -4.69904195804779,
0.904270672409613, 1.5331318248297, -3.52708138749999, 0.874358016591428,
6.99764042989595, -4.32488785172782, 1.63807375598161, -2.04738084343698,
-4.73328359646609, 1.42750016338128, 1.7082859342169, -1.64068244176773,
0.540961589160493, -4.49414819541264, -2.80907737722825, 7.61808565218534,
-9.17388626391175, -1.43896393435768, -1.61268323100932, 3.17609898685469,
1.12012580072386, -5.07052595532848, -2.39378322181289, 5.23138033508853,
-6.11232055201197, -4.94858582034008, 3.2630989813422, -0.217958692616704,
1.84881523227968, -1.75742049269925, -3.66015826113921, 2.5962755373806,
-0.177389258307035, -9.09666925747378, -0.187619159574655, -1.52005199803849,
-3.9482496323285, 2.5463877726473, -3.47041288445193, -3.32756653860159,
0.41693331406886, -4.43137499289181, 0.628127801563036, -5.36031381053906,
-1.67733067873594, -2.99427185479437, -3.63436910096099, -1.05776163642271,
-3.12531062158376, -4.35831951118908, 2.33241461403954, 4.31515865410509,
-1.11154250699273, -0.200590494185284, 4.08910718829156, 0.862741859564241,
-1.90649510497726, 0.871736052226821, 1.21991353598717, 0.789785462994006,
0.41563020158171, 0.970824534911386, 1.42288321632052, -4.11631307305026,
4.26929945252559, 3.8509445296616, -5.31511585664385, 1.89393912260189,
3.93553885187993, -1.06293443950585, -1.19282915555703, 4.46893676727136,
0.382918878790226, 4.78968265731152, 4.85433977704302, 4.78008082397675,
0.386993173909079, -4.17500907996106, -1.1732256773146, -0.688455528085903,
-1.09643087025625, 1.28982568861139, -1.04204821501672, 3.71893952268933,
-1.50797569034297, -1.79338736110921, 0.499357100741297, -5.38090643795093,
-7.09226323629202, -0.356280969073801, 4.35705733552405, -2.04536658876509,
-6.37886099816144, 3.52683293690505, -2.49185997093679, 1.63760134211906,
3.74019659279671, 3.16947388151863, -5.06038444644772, -5.2193118682178,
3.67244026451353, -0.947479222503566, 2.80088410473619, -4.44349182324423,
-3.69770538251724, 0.0397757795948128, -3.72902590185232, 5.19004374841825,
4.84215975271412, 4.18385458217515, -1.45548661705188, -2.79028259569675,
-1.79184892277984, 0.66134727122304, 2.67235747986392, -6.01827628570772,
4.92405400958776, 4.47601172739731, 2.63976745217417, -2.94112688626367,
-2.59416045408967, 5.89295675908462, 0.344163344239151, -5.59096555827191,
3.88556254051844, 4.2572489177523, -3.43555748701452, 1.77821207467777,
-1.22269426505862, 1.58337360803496, 2.96989541347427, -1.81495077322449,
-0.676514800814583, 1.91794975960005, 0.0908818323395291, -2.13829737625419,
2.00997147668344, -0.977529273341277, 2.15794633320831, -0.525539684073062,
-3.14951917994909, -0.795920258582998, 1.04656570042553, 1.30573231070262,
-1.71918907135382, 0.327690822113087, -0.0408472766594548, -0.790499760163952,
0.804924430002682, -0.244782777652974, -2.09303046522005, 0.105529580478873,
